1111111111111111111111111111111111111111111111111111111111111111111111111111111111111111111111111111
1111111111111111111111111111111111111111111111111111111111111111111111111111111111111111111111111111
1111111111111111111111111111111111111111111111111111111111111111111111111111111111111111111111111111
1111111111111111111111111111111111111111111111111111111111111111111111111111111111111111111111111111
1111111111000000000000001111110000000000011111011111111111111110111100000000000001111100111111111111
1111111111011111111111110111101111111111101111001111111111111110111101111111111111111100111111111111
1111111111011111111111110111101111111111101111010111111111111110111101111111111111111100111111111111
1111111111011111111111110111101111111111101111011011111111111110111101111111111111111100111111111111
1111111111011111111111110111101111111111101111011101111111111110111101111111111111111100111111111111
1111111111011111111111110111101111111111101111011110111111111110111101111111111111111100111111111111
1111111111011111111111110111101111111111101111011111011111111110111101111111111111111100111111111111
1111111111011111111111110111101111111111101111011111101111111110111101111111111111111100111111111111
1111111111011111111111110111101111111111101111011111110111111110111100000000000001111100111111111111
1111111111011111111111110111101111111111101111011111111011111110111101111111111111111100111111111111
1111111111011111111111110111101111111111101111011111111101111110111101111111111111111100111111111111
1111111111011111111111110111101111111111101111011111111110111110111101111111111111111100111111111111
1111111111011111111111110111101111111111101111011111111111011110111101111111111111111100111111111111
1111111111011111111111110111101111111111101111011111111111101110111101111111111111111100111111111111
1111111111011111111111110111101111111111101111011111111111110110111101111111111111111100111111111111
1111111111011111111111110111101111111111101111011111111111111010111101111111111111111111111111111111
1111111111000000000000001111110000000000011111011111111111111100111100000000000001111100111111111111
1111111111111111111111111111111111111111111111111111111111111111111111111111111111111111111111111111
1111111111111111111111111111111111111111100011111111111000111111111111111111111111111111111111111111
1111111111111111111111111111111111111111100011111111111000111111111111111111111111111111111111111111
1111111111111111111111111111111111111111111111111111111111111111111111111111111111111111111111111111
1111111111111111111111111111111111111111111111111011111111111111111111111111111111111111111111111111
1111111111111111111111111111111111111111110111111011111101111111111111111111111111111111111111111111
1111111111111111111111111111111111111111111011111111111011111111111111111111111111111111111111111111
1111111111111111111111111111111111111111111110011111100111111111111111111111111111111111111111111111
1111111111111111111111111111111111111111111111100000111111111111111111111111111111111111111111111111


